1.031762	-0.028259	-0.027456	-0.025709	-0.028465	-0.031942	-0.026948	-0.029317	-0.028887	-0.028294	-0.028937	-0.028965	-0.029057	-0.030575	-0.026813	-0.030529	-0.028031	-0.030892	-0.028283	-0.027504	-0.028417	-0.027055	-0.028421	-0.027612	-0.026818	-0.024257	-0.027460	-0.029244	-0.027705	-0.029008	-0.025899	-0.026408	-0.032203	-0.025513	-0.027473	-0.031115	-0.028553	-0.027026	-0.026582	-0.030736	-0.028788	-0.028978	-0.025933	-0.027565	-0.028542	-0.029230	-0.025697	-0.029001	
-0.028259	1.004056	-0.024904	-0.029675	-0.027686	-0.028954	-0.026439	-0.027712	-0.027609	-0.024754	-0.027406	-0.025498	-0.031071	-0.027805	-0.026539	-0.025159	-0.025013	-0.029003	-0.028893	-0.025588	-0.026303	-0.030024	-0.026627	-0.026544	-0.028103	-0.025979	-0.026793	-0.028227	-0.030086	-0.027937	-0.028290	-0.029650	-0.025232	-0.023608	-0.027198	-0.031065	-0.032385	-0.027780	-0.025807	-0.023753	-0.026919	-0.028901	-0.026335	-0.029052	-0.030039	-0.025082	-0.024324	-0.027562	
-0.027456	-0.024904	0.997415	-0.030103	-0.026242	-0.024506	-0.026600	-0.027847	-0.027069	-0.026693	-0.031843	-0.028020	-0.025102	-0.026778	-0.024626	-0.027761	-0.026870	-0.028910	-0.027291	-0.027600	-0.025500	-0.027881	-0.027389	-0.028398	-0.028412	-0.029360	-0.028289	-0.024264	-0.026054	-0.026003	-0.025767	-0.025788	-0.026330	-0.027195	-0.027325	-0.027509	-0.027752	-0.027398	-0.027102	-0.028629	-0.027300	-0.026004	-0.027779	-0.027838	-0.027089	-0.027977	-0.026846	-0.026078	
-0.025709	-0.029675	-0.030103	1.006904	-0.028960	-0.028207	-0.026847	-0.031001	-0.024675	-0.030207	-0.026351	-0.025846	-0.027611	-0.027587	-0.026321	-0.029516	-0.025207	-0.026259	-0.030931	-0.029386	-0.026305	-0.026084	-0.027363	-0.023932	-0.026638	-0.027726	-0.027011	-0.025425	-0.026186	-0.026749	-0.024221	-0.028409	-0.028659	-0.027702	-0.027202	-0.030230	-0.031621	-0.025987	-0.025970	-0.027031	-0.029509	-0.030796	-0.027494	-0.026681	-0.029212	-0.024605	-0.026006	-0.024753	
-0.028465	-0.027686	-0.026242	-0.028960	1.025138	-0.027785	-0.028507	-0.029065	-0.028709	-0.030072	-0.030657	-0.028693	-0.029103	-0.025861	-0.028643	-0.029843	-0.026448	-0.027713	-0.028692	-0.027929	-0.027657	-0.029121	-0.027116	-0.027528	-0.025585	-0.027859	-0.027877	-0.028233	-0.027949	-0.027722	-0.029029	-0.027120	-0.025692	-0.024779	-0.027681	-0.033767	-0.031212	-0.028203	-0.028184	-0.028707	-0.025335	-0.026679	-0.026597	-0.026632	-0.027732	-0.029802	-0.028688	-0.028041	
-0.031942	-0.028954	-0.024506	-0.028207	-0.027785	1.026874	-0.026766	-0.028018	-0.027140	-0.028626	-0.032286	-0.027517	-0.030830	-0.026032	-0.027547	-0.026751	-0.027279	-0.030398	-0.029860	-0.026605	-0.027608	-0.028695	-0.025060	-0.024718	-0.029736	-0.029334	-0.029448	-0.026887	-0.026221	-0.027109	-0.025439	-0.029641	-0.028141	-0.026490	-0.029550	-0.031524	-0.033328	-0.030022	-0.028428	-0.026627	-0.026612	-0.027145	-0.028992	-0.025034	-0.027649	-0.026512	-0.027465	-0.028918	
-0.026948	-0.026439	-0.026600	-0.026847	-0.028507	-0.026766	1.001299	-0.026301	-0.028331	-0.024680	-0.028970	-0.028979	-0.027914	-0.026715	-0.026911	-0.026730	-0.027506	-0.029435	-0.029093	-0.027266	-0.024924	-0.028912	-0.027531	-0.026779	-0.026921	-0.025562	-0.028012	-0.028161	-0.027737	-0.027583	-0.027427	-0.028612	-0.026499	-0.028502	-0.027655	-0.026604	-0.029795	-0.026959	-0.024364	-0.024554	-0.025242	-0.027058	-0.025631	-0.028500	-0.029337	-0.031447	-0.025529	-0.022791	
-0.029317	-0.027712	-0.027847	-0.031001	-0.029065	-0.028018	-0.026301	1.016046	-0.026894	-0.028702	-0.028739	-0.028799	-0.027072	-0.024538	-0.028363	-0.030528	-0.025216	-0.030468	-0.029479	-0.029542	-0.028015	-0.026680	-0.023909	-0.026970	-0.026033	-0.027491	-0.026985	-0.028000	-0.024862	-0.029277	-0.028910	-0.027750	-0.024416	-0.030208	-0.024404	-0.030033	-0.031873	-0.029281	-0.024578	-0.025779	-0.027659	-0.025721	-0.027058	-0.028724	-0.029160	-0.026210	-0.028546	-0.027425	
-0.028887	-0.027609	-0.027069	-0.024675	-0.028709	-0.027140	-0.028331	-0.026894	1.003724	-0.025243	-0.027922	-0.028988	-0.027584	-0.027382	-0.023451	-0.026160	-0.026765	-0.026994	-0.028235	-0.028277	-0.028295	-0.025238	-0.029014	-0.028663	-0.028156	-0.023114	-0.025304	-0.024528	-0.023984	-0.027350	-0.029091	-0.024838	-0.027787	-0.028446	-0.025472	-0.032011	-0.031499	-0.026487	-0.028708	-0.028608	-0.028095	-0.028342	-0.030065	-0.028134	-0.029095	-0.028375	-0.023035	-0.027169	
-0.028294	-0.024754	-0.026693	-0.030207	-0.030072	-0.028626	-0.024680	-0.028702	-0.025243	1.011057	-0.030007	-0.028989	-0.026644	-0.030163	-0.026406	-0.028349	-0.024452	-0.030606	-0.030427	-0.024705	-0.025281	-0.026089	-0.028930	-0.027463	-0.028685	-0.023304	-0.028272	-0.027568	-0.028179	-0.027206	-0.027358	-0.028019	-0.026126	-0.028380	-0.028507	-0.029037	-0.031026	-0.027012	-0.026781	-0.027006	-0.025179	-0.025721	-0.024883	-0.028279	-0.032109	-0.029004	-0.026304	-0.024456	
-0.028937	-0.027406	-0.031843	-0.026351	-0.030657	-0.032286	-0.028970	-0.028739	-0.027922	-0.030007	1.036451	-0.031277	-0.028377	-0.027749	-0.025727	-0.029409	-0.028768	-0.029163	-0.030955	-0.027061	-0.026040	-0.031000	-0.027571	-0.028173	-0.023109	-0.029346	-0.027276	-0.026412	-0.027566	-0.029256	-0.028102	-0.027647	-0.027978	-0.027588	-0.028266	-0.029128	-0.032010	-0.027004	-0.029779	-0.027999	-0.030978	-0.027913	-0.026076	-0.027557	-0.028214	-0.026555	-0.024402	-0.026342	
-0.028965	-0.025498	-0.028020	-0.025846	-0.028693	-0.027517	-0.028979	-0.028799	-0.028988	-0.028989	-0.031277	1.029676	-0.030355	-0.028919	-0.029942	-0.025432	-0.027533	-0.028109	-0.028163	-0.027367	-0.025858	-0.028435	-0.028986	-0.025255	-0.026685	-0.027733	-0.029410	-0.026593	-0.028635	-0.028165	-0.027365	-0.029076	-0.029749	-0.027369	-0.027951	-0.033980	-0.032569	-0.023616	-0.028532	-0.023516	-0.027814	-0.027545	-0.030752	-0.030805	-0.029028	-0.025871	-0.024568	-0.030564	
-0.029057	-0.031071	-0.025102	-0.027611	-0.029103	-0.030830	-0.027914	-0.027072	-0.027584	-0.026644	-0.028377	-0.030355	1.013917	-0.029296	-0.028428	-0.027306	-0.027628	-0.028461	-0.027134	-0.027257	-0.028186	-0.026252	-0.026030	-0.025056	-0.026993	-0.026682	-0.029683	-0.027835	-0.024547	-0.030976	-0.025640	-0.025590	-0.026845	-0.028231	-0.022283	-0.029961	-0.030273	-0.027160	-0.026194	-0.027734	-0.027596	-0.028711	-0.025546	-0.028877	-0.028092	-0.026599	-0.028253	-0.027715	
-0.030575	-0.027805	-0.026778	-0.027587	-0.025861	-0.026032	-0.026715	-0.024538	-0.027382	-0.030163	-0.027749	-0.028919	-0.029296	0.991003	-0.027352	-0.025909	-0.027796	-0.026475	-0.027280	-0.027289	-0.026766	-0.028634	-0.024863	-0.024693	-0.026357	-0.025872	-0.024970	-0.022698	-0.025666	-0.027898	-0.028027	-0.029709	-0.024830	-0.026607	-0.025676	-0.029271	-0.031210	-0.025984	-0.027049	-0.024224	-0.028227	-0.026455	-0.026230	-0.025709	-0.027285	-0.028462	-0.026599	-0.024691	
-0.026813	-0.026539	-0.024626	-0.026321	-0.028643	-0.027547	-0.026911	-0.028363	-0.023451	-0.026406	-0.025727	-0.029942	-0.028428	-0.027352	0.983298	-0.025283	-0.026703	-0.029103	-0.025665	-0.025523	-0.027183	-0.025567	-0.023758	-0.028514	-0.026723	-0.025160	-0.025105	-0.026011	-0.025502	-0.024064	-0.029995	-0.026861	-0.025496	-0.026132	-0.026024	-0.032841	-0.030557	-0.024443	-0.025283	-0.029330	-0.023379	-0.027360	-0.026868	-0.025933	-0.028542	-0.029229	-0.026127	-0.025728	
-0.030529	-0.025159	-0.027761	-0.029516	-0.029843	-0.026751	-0.026730	-0.030528	-0.026160	-0.028349	-0.029409	-0.025432	-0.027306	-0.025909	-0.025283	0.990097	-0.023490	-0.029440	-0.026430	-0.024181	-0.027457	-0.026069	-0.024278	-0.024157	-0.026500	-0.026482	-0.028415	-0.023940	-0.026092	-0.025908	-0.029094	-0.024219	-0.024410	-0.025995	-0.023327	-0.029480	-0.031098	-0.027647	-0.025485	-0.027310	-0.028283	-0.028313	-0.025713	-0.025766	-0.027917	-0.025982	-0.028389	-0.026959	
-0.028031	-0.025013	-0.026870	-0.025207	-0.026448	-0.027279	-0.027506	-0.025216	-0.026765	-0.024452	-0.028768	-0.027533	-0.027628	-0.027796	-0.026703	-0.023490	0.960233	-0.025831	-0.022753	-0.025358	-0.025196	-0.023535	-0.025878	-0.024326	-0.025234	-0.025372	-0.026608	-0.025388	-0.026646	-0.026403	-0.026477	-0.027923	-0.025329	-0.025233	-0.025528	-0.029831	-0.030719	-0.024588	-0.029351	-0.024615	-0.025165	-0.023064	-0.023622	-0.026129	-0.026021	-0.025114	-0.024164	-0.024001	
-0.030892	-0.029003	-0.028910	-0.026259	-0.027713	-0.030398	-0.029435	-0.030468	-0.026994	-0.030606	-0.029163	-0.028109	-0.028461	-0.026475	-0.029103	-0.029440	-0.025831	1.042592	-0.030888	-0.026630	-0.026380	-0.029370	-0.028248	-0.027902	-0.029652	-0.027877	-0.028036	-0.032460	-0.027268	-0.025238	-0.027676	-0.031256	-0.027756	-0.022932	-0.025559	-0.033613	-0.031165	-0.025584	-0.031453	-0.027099	-0.030009	-0.025808	-0.029066	-0.030308	-0.030741	-0.029075	-0.027925	-0.027173	
-0.028283	-0.028893	-0.027291	-0.030931	-0.028692	-0.029860	-0.029093	-0.029479	-0.028235	-0.030427	-0.030955	-0.028163	-0.027134	-0.027280	-0.025665	-0.026430	-0.022753	-0.030888	1.033568	-0.029115	-0.028217	-0.028674	-0.030368	-0.027460	-0.028324	-0.029704	-0.027430	-0.028979	-0.028974	-0.027189	-0.026101	-0.026349	-0.028371	-0.029731	-0.027362	-0.032029	-0.030614	-0.028600	-0.024667	-0.027037	-0.025573	-0.025909	-0.026832	-0.029832	-0.028994	-0.029146	-0.028090	-0.027424	
-0.027504	-0.025588	-0.027600	-0.029386	-0.027929	-0.026605	-0.027266	-0.029542	-0.028277	-0.024705	-0.027061	-0.027367	-0.027257	-0.027289	-0.025523	-0.024181	-0.025358	-0.026630	-0.029115	0.985316	-0.026640	-0.026699	-0.024285	-0.023193	-0.024918	-0.025981	-0.026708	-0.026447	-0.025936	-0.028009	-0.024423	-0.027105	-0.027031	-0.024063	-0.028070	-0.028057	-0.031415	-0.029133	-0.027623	-0.024176	-0.025707	-0.026850	-0.024280	-0.027025	-0.027245	-0.027953	-0.027325	-0.028535	
-0.028417	-0.026303	-0.025500	-0.026305	-0.027657	-0.027608	-0.024924	-0.028015	-0.028295	-0.025281	-0.026040	-0.025858	-0.028186	-0.026766	-0.027183	-0.027457	-0.025196	-0.026380	-0.028217	-0.026640	0.980471	-0.027901	-0.025944	-0.029983	-0.023648	-0.025533	-0.024299	-0.025815	-0.027507	-0.029169	-0.023369	-0.027280	-0.024610	-0.026147	-0.025283	-0.030876	-0.030962	-0.025339	-0.027260	-0.025680	-0.027791	-0.025776	-0.025609	-0.026780	-0.027354	-0.025853	-0.026149	-0.022488	
-0.027055	-0.030024	-0.027881	-0.026084	-0.029121	-0.028695	-0.028912	-0.026680	-0.025238	-0.026089	-0.031000	-0.028435	-0.026252	-0.028634	-0.025567	-0.026069	-0.023535	-0.029370	-0.028674	-0.026699	-0.027901	0.992663	-0.027534	-0.024560	-0.025757	-0.025611	-0.025849	-0.022534	-0.027085	-0.025838	-0.028405	-0.028743	-0.027261	-0.027677	-0.022011	-0.031676	-0.029870	-0.025414	-0.026256	-0.024869	-0.025312	-0.024766	-0.028284	-0.026501	-0.029718	-0.028325	-0.027497	-0.024447	
-0.028421	-0.026627	-0.027389	-0.027363	-0.027116	-0.025060	-0.027531	-0.023909	-0.029014	-0.028930	-0.027571	-0.028986	-0.026030	-0.024863	-0.023758	-0.024278	-0.025878	-0.028248	-0.030368	-0.024285	-0.025944	-0.027534	0.979451	-0.026378	-0.026794	-0.022461	-0.024944	-0.026823	-0.026711	-0.026030	-0.026990	-0.027283	-0.026919	-0.021221	-0.026365	-0.029169	-0.030055	-0.028112	-0.029861	-0.025008	-0.026006	-0.026527	-0.026539	-0.027120	-0.028809	-0.024444	-0.025246	-0.026804	
-0.027612	-0.026544	-0.028398	-0.023932	-0.027528	-0.024718	-0.026779	-0.026970	-0.028663	-0.027463	-0.028173	-0.025255	-0.025056	-0.024693	-0.028514	-0.024157	-0.024326	-0.027902	-0.027460	-0.023193	-0.029983	-0.024560	-0.026378	0.976815	-0.026927	-0.027459	-0.028232	-0.024876	-0.024937	-0.027904	-0.027488	-0.026635	-0.025979	-0.025124	-0.025694	-0.030780	-0.030012	-0.025638	-0.027519	-0.024771	-0.028660	-0.026473	-0.024277	-0.024556	-0.026046	-0.024745	-0.027663	-0.025310	
-0.026818	-0.028103	-0.028412	-0.026638	-0.025585	-0.029736	-0.026921	-0.026033	-0.028156	-0.028685	-0.023109	-0.026685	-0.026993	-0.026357	-0.026723	-0.026500	-0.025234	-0.029652	-0.028324	-0.024918	-0.023648	-0.025757	-0.026794	-0.026927	0.968520	-0.026039	-0.025146	-0.027075	-0.025421	-0.023555	-0.025940	-0.026951	-0.023812	-0.022459	-0.024474	-0.030197	-0.030696	-0.024963	-0.024283	-0.026371	-0.024398	-0.026790	-0.023844	-0.027051	-0.024135	-0.027979	-0.025537	-0.023320	
-0.024257	-0.025979	-0.029360	-0.027726	-0.027859	-0.029334	-0.025562	-0.027491	-0.023114	-0.023304	-0.029346	-0.027733	-0.026682	-0.025872	-0.025160	-0.026482	-0.025372	-0.027877	-0.029704	-0.025981	-0.025533	-0.025611	-0.022461	-0.027459	-0.026039	0.974115	-0.025976	-0.022119	-0.026909	-0.029559	-0.025487	-0.026675	-0.026220	-0.026345	-0.025528	-0.026578	-0.031337	-0.025872	-0.026215	-0.024914	-0.029040	-0.027686	-0.025143	-0.025304	-0.029789	-0.025871	-0.024186	-0.021151	
-0.027460	-0.026793	-0.028289	-0.027011	-0.027877	-0.029448	-0.028012	-0.026985	-0.025304	-0.028272	-0.027276	-0.029410	-0.029683	-0.024970	-0.025105	-0.028415	-0.026608	-0.028036	-0.027430	-0.026708	-0.024299	-0.025849	-0.024944	-0.028232	-0.025146	-0.025976	0.986543	-0.022775	-0.024830	-0.026212	-0.027075	-0.026601	-0.025383	-0.025663	-0.026735	-0.029225	-0.032086	-0.024967	-0.029101	-0.022974	-0.028729	-0.024326	-0.027063	-0.025985	-0.027836	-0.028614	-0.025801	-0.024436	
-0.029244	-0.028227	-0.024264	-0.025425	-0.028233	-0.026887	-0.028161	-0.028000	-0.024528	-0.027568	-0.026412	-0.026593	-0.027835	-0.022698	-0.026011	-0.023940	-0.025388	-0.032460	-0.028979	-0.026447	-0.025815	-0.022534	-0.026823	-0.024876	-0.027075	-0.022119	-0.022775	0.970986	-0.023442	-0.028298	-0.027266	-0.026178	-0.026657	-0.026081	-0.023898	-0.031811	-0.032211	-0.025571	-0.027644	-0.023774	-0.025922	-0.024042	-0.026249	-0.025769	-0.026772	-0.023646	-0.025826	-0.028349	
-0.027705	-0.030086	-0.026054	-0.026186	-0.027949	-0.026221	-0.027737	-0.024862	-0.023984	-0.028179	-0.027566	-0.028635	-0.024547	-0.025666	-0.025502	-0.026092	-0.026646	-0.027268	-0.028974	-0.025936	-0.027507	-0.027085	-0.026711	-0.024937	-0.025421	-0.026909	-0.024830	-0.023442	0.974488	-0.023697	-0.024937	-0.025432	-0.024153	-0.027008	-0.025299	-0.031637	-0.033431	-0.025765	-0.023768	-0.025291	-0.024936	-0.027891	-0.026401	-0.025399	-0.028405	-0.028747	-0.024474	-0.024033	
-0.029008	-0.027937	-0.026003	-0.026749	-0.027722	-0.027109	-0.027583	-0.029277	-0.027350	-0.027206	-0.029256	-0.028165	-0.030976	-0.027898	-0.024064	-0.025908	-0.026403	-0.025238	-0.027189	-0.028009	-0.029169	-0.025838	-0.026030	-0.027904	-0.023555	-0.029559	-0.026212	-0.028298	-0.023697	1.003972	-0.024760	-0.029280	-0.026408	-0.027320	-0.024797	-0.030260	-0.030305	-0.027068	-0.029375	-0.027368	-0.026448	-0.029508	-0.026058	-0.026203	-0.028054	-0.028857	-0.027203	-0.026732	
-0.025899	-0.028290	-0.025767	-0.024221	-0.029029	-0.025439	-0.027427	-0.028910	-0.029091	-0.027358	-0.028102	-0.027365	-0.025640	-0.028027	-0.029995	-0.029094	-0.026477	-0.027676	-0.026101	-0.024423	-0.023369	-0.028405	-0.026990	-0.027488	-0.025940	-0.025487	-0.027075	-0.027266	-0.024937	-0.024760	0.981317	-0.025307	-0.023705	-0.026323	-0.026289	-0.027685	-0.030207	-0.027128	-0.023783	-0.026391	-0.027372	-0.026444	-0.026479	-0.023904	-0.026995	-0.024960	-0.026539	-0.027306	
-0.026408	-0.029650	-0.025788	-0.028409	-0.027120	-0.029641	-0.028612	-0.027750	-0.024838	-0.028019	-0.027647	-0.029076	-0.025590	-0.029709	-0.026861	-0.024219	-0.027923	-0.031256	-0.026349	-0.027105	-0.027280	-0.028743	-0.027283	-0.026635	-0.026951	-0.026675	-0.026601	-0.026178	-0.025432	-0.029280	-0.025307	1.008658	-0.025949	-0.029548	-0.025146	-0.030474	-0.029522	-0.028194	-0.023198	-0.028236	-0.028653	-0.028692	-0.025196	-0.030233	-0.026248	-0.030249	-0.025951	-0.028897	
-0.032203	-0.025232	-0.026330	-0.028659	-0.025692	-0.028141	-0.026499	-0.024416	-0.027787	-0.026126	-0.027978	-0.029749	-0.026845	-0.024830	-0.025496	-0.024410	-0.025329	-0.027756	-0.028371	-0.027031	-0.024610	-0.027261	-0.026919	-0.025979	-0.023812	-0.026220	-0.025383	-0.026657	-0.024153	-0.026408	-0.023705	-0.025949	0.980391	-0.026647	-0.027947	-0.030897	-0.032407	-0.026247	-0.026131	-0.028614	-0.026218	-0.026339	-0.027357	-0.027333	-0.025135	-0.025905	-0.023865	-0.024696	
-0.025513	-0.023608	-0.027195	-0.027702	-0.024779	-0.026490	-0.028502	-0.030208	-0.028446	-0.028380	-0.027588	-0.027369	-0.028231	-0.026607	-0.026132	-0.025995	-0.025233	-0.022932	-0.029731	-0.024063	-0.026147	-0.027677	-0.021221	-0.025124	-0.022459	-0.026345	-0.025663	-0.026081	-0.027008	-0.027320	-0.026323	-0.029548	-0.026647	0.980575	-0.025280	-0.032123	-0.030265	-0.027294	-0.027294	-0.025978	-0.028044	-0.028246	-0.024599	-0.025454	-0.025641	-0.028610	-0.026825	-0.024173	
-0.027473	-0.027198	-0.027325	-0.027202	-0.027681	-0.029550	-0.027655	-0.024404	-0.025472	-0.028507	-0.028266	-0.027951	-0.022283	-0.025676	-0.026024	-0.023327	-0.025528	-0.025559	-0.027362	-0.028070	-0.025283	-0.022011	-0.026365	-0.025694	-0.024474	-0.025528	-0.026735	-0.023898	-0.025299	-0.024797	-0.026289	-0.025146	-0.027947	-0.025280	0.967403	-0.026332	-0.030317	-0.026735	-0.026618	-0.026590	-0.025813	-0.026314	-0.026153	-0.027200	-0.027414	-0.026699	-0.025347	-0.023851	
-0.031115	-0.031065	-0.027509	-0.030230	-0.033767	-0.031524	-0.026604	-0.030033	-0.032011	-0.029037	-0.029128	-0.033980	-0.029961	-0.029271	-0.032841	-0.029480	-0.029831	-0.033613	-0.032029	-0.028057	-0.030876	-0.031676	-0.029169	-0.030780	-0.030197	-0.026578	-0.029225	-0.031811	-0.031637	-0.030260	-0.027685	-0.030474	-0.030897	-0.032123	-0.026332	1.100045	-0.007925	-0.029801	-0.030013	-0.030037	-0.030264	-0.031933	-0.028926	-0.031101	-0.031902	-0.033391	-0.028139	-0.028446	
-0.028553	-0.032385	-0.027752	-0.031621	-0.031212	-0.033328	-0.029795	-0.031873	-0.031499	-0.031026	-0.032010	-0.032569	-0.030273	-0.031210	-0.030557	-0.031098	-0.030719	-0.031165	-0.030614	-0.031415	-0.030962	-0.029870	-0.030055	-0.030012	-0.030696	-0.031337	-0.032086	-0.032211	-0.033431	-0.030305	-0.030207	-0.029522	-0.032407	-0.030265	-0.030317	-0.007925	1.119931	-0.026833	-0.030515	-0.030872	-0.030091	-0.034091	-0.030983	-0.029625	-0.031879	-0.030800	-0.032174	-0.030772	
-0.027026	-0.027780	-0.027398	-0.025987	-0.028203	-0.030022	-0.026959	-0.029281	-0.026487	-0.027012	-0.027004	-0.023616	-0.027160	-0.025984	-0.024443	-0.027647	-0.024588	-0.025584	-0.028600	-0.029133	-0.025339	-0.025414	-0.028112	-0.025638	-0.024963	-0.025872	-0.024967	-0.025571	-0.025765	-0.027068	-0.027128	-0.028194	-0.026247	-0.027294	-0.026735	-0.029801	-0.026833	0.981392	-0.026891	-0.025693	-0.028090	-0.022414	-0.024707	-0.027056	-0.029597	-0.025350	-0.022811	-0.029193	
-0.026582	-0.025807	-0.027102	-0.025970	-0.028184	-0.028428	-0.024364	-0.024578	-0.028708	-0.026781	-0.029779	-0.028532	-0.026194	-0.027049	-0.025283	-0.025485	-0.029351	-0.031453	-0.024667	-0.027623	-0.027260	-0.026256	-0.029861	-0.027519	-0.024283	-0.026215	-0.029101	-0.027644	-0.023768	-0.029375	-0.023783	-0.023198	-0.026131	-0.027294	-0.026618	-0.030013	-0.030515	-0.026891	0.991538	-0.025417	-0.027599	-0.026566	-0.027743	-0.026679	-0.028539	-0.025779	-0.026033	-0.025705	
-0.030736	-0.023753	-0.028629	-0.027031	-0.028707	-0.026627	-0.024554	-0.025779	-0.028608	-0.027006	-0.027999	-0.023516	-0.027734	-0.024224	-0.029330	-0.027310	-0.024615	-0.027099	-0.027037	-0.024176	-0.025680	-0.024869	-0.025008	-0.024771	-0.026371	-0.024914	-0.022974	-0.023774	-0.025291	-0.027368	-0.026391	-0.028236	-0.028614	-0.025978	-0.026590	-0.030037	-0.030872	-0.025693	-0.025417	0.975831	-0.027523	-0.023935	-0.026700	-0.026629	-0.027753	-0.029364	-0.022350	-0.026974	
-0.028788	-0.026919	-0.027300	-0.029509	-0.025335	-0.026612	-0.025242	-0.027659	-0.028095	-0.025179	-0.030978	-0.027814	-0.027596	-0.028227	-0.023379	-0.028283	-0.025165	-0.030009	-0.025573	-0.025707	-0.027791	-0.025312	-0.026006	-0.028660	-0.024398	-0.029040	-0.028729	-0.025922	-0.024936	-0.026448	-0.027372	-0.028653	-0.026218	-0.028044	-0.025813	-0.030264	-0.030091	-0.028090	-0.027599	-0.027523	0.995647	-0.022168	-0.026607	-0.026354	-0.028162	-0.029674	-0.026969	-0.026448	
-0.028978	-0.028901	-0.026004	-0.030796	-0.026679	-0.027145	-0.027058	-0.025721	-0.028342	-0.025721	-0.027913	-0.027545	-0.028711	-0.026455	-0.027360	-0.028313	-0.023064	-0.025808	-0.025909	-0.026850	-0.025776	-0.024766	-0.026527	-0.026473	-0.026790	-0.027686	-0.024326	-0.024042	-0.027891	-0.029508	-0.026444	-0.028692	-0.026339	-0.028246	-0.026314	-0.031933	-0.034091	-0.022414	-0.026566	-0.023935	-0.022168	0.984096	-0.022592	-0.025130	-0.023952	-0.028085	-0.026225	-0.027373	
-0.025933	-0.026335	-0.027779	-0.027494	-0.026597	-0.028992	-0.025631	-0.027058	-0.030065	-0.024883	-0.026076	-0.030752	-0.025546	-0.026230	-0.026868	-0.025713	-0.023622	-0.029066	-0.026832	-0.024280	-0.025609	-0.028284	-0.026539	-0.024277	-0.023844	-0.025143	-0.027063	-0.026249	-0.026401	-0.026058	-0.026479	-0.025196	-0.027357	-0.024599	-0.026153	-0.028926	-0.030983	-0.024707	-0.027743	-0.026700	-0.026607	-0.022592	0.972699	-0.019399	-0.027258	-0.027271	-0.023882	-0.028166	
-0.027565	-0.029052	-0.027838	-0.026681	-0.026632	-0.025034	-0.028500	-0.028724	-0.028134	-0.028279	-0.027557	-0.030805	-0.028877	-0.025709	-0.025933	-0.025766	-0.026129	-0.030308	-0.029832	-0.027025	-0.026780	-0.026501	-0.027120	-0.024556	-0.027051	-0.025304	-0.025985	-0.025769	-0.025399	-0.026203	-0.023904	-0.030233	-0.027333	-0.025454	-0.027200	-0.031101	-0.029625	-0.027056	-0.026679	-0.026629	-0.026354	-0.025130	-0.019399	0.976699	-0.012405	-0.025068	-0.023333	-0.024988	
-0.028542	-0.030039	-0.027089	-0.029212	-0.027732	-0.027649	-0.029337	-0.029160	-0.029095	-0.032109	-0.028214	-0.029028	-0.028092	-0.027285	-0.028542	-0.027917	-0.026021	-0.030741	-0.028994	-0.027245	-0.027354	-0.029718	-0.028809	-0.026046	-0.024135	-0.029789	-0.027836	-0.026772	-0.028405	-0.028054	-0.026995	-0.026248	-0.025135	-0.025641	-0.027414	-0.031902	-0.031879	-0.029597	-0.028539	-0.027753	-0.028162	-0.023952	-0.027258	-0.012405	1.002845	-0.012700	-0.022221	-0.028462	
-0.029230	-0.025082	-0.027977	-0.024605	-0.029802	-0.026512	-0.031447	-0.026210	-0.028375	-0.029004	-0.026555	-0.025871	-0.026599	-0.028462	-0.029229	-0.025982	-0.025114	-0.029075	-0.029146	-0.027953	-0.025853	-0.028325	-0.024444	-0.024745	-0.027979	-0.025871	-0.028614	-0.023646	-0.028747	-0.028857	-0.024960	-0.030249	-0.025905	-0.028610	-0.026699	-0.033391	-0.030800	-0.025350	-0.025779	-0.029364	-0.029674	-0.028085	-0.027271	-0.025068	-0.012700	0.997179	-0.029304	-0.024485	
-0.025697	-0.024324	-0.026846	-0.026006	-0.028688	-0.027465	-0.025529	-0.028546	-0.023035	-0.026304	-0.024402	-0.024568	-0.028253	-0.026599	-0.026127	-0.028389	-0.024164	-0.027925	-0.028090	-0.027325	-0.026149	-0.027497	-0.025246	-0.027663	-0.025537	-0.024186	-0.025801	-0.025826	-0.024474	-0.027203	-0.026539	-0.025951	-0.023865	-0.026825	-0.025347	-0.028139	-0.032174	-0.022811	-0.026033	-0.022350	-0.026969	-0.026225	-0.023882	-0.023333	-0.022221	-0.029304	0.963610	-0.026754	
-0.029001	-0.027562	-0.026078	-0.024753	-0.028041	-0.028918	-0.022791	-0.027425	-0.027169	-0.024456	-0.026342	-0.030564	-0.027715	-0.024691	-0.025728	-0.026959	-0.024001	-0.027173	-0.027424	-0.028535	-0.022488	-0.024447	-0.026804	-0.025310	-0.023320	-0.021151	-0.024436	-0.028349	-0.024033	-0.026732	-0.027306	-0.028897	-0.024696	-0.024173	-0.023851	-0.028446	-0.030772	-0.029193	-0.025705	-0.026974	-0.026448	-0.027373	-0.028166	-0.024988	-0.028462	-0.024485	-0.026754	0.973930	
