0.000000	0.208043	0.207282	0.207457	0.209211	0.210511	0.207394	0.208739	0.208117	0.208389	0.209696	0.209841	0.208378	0.207826	0.206517	0.208139	0.205503	0.210175	0.209363	0.206908	0.207159	0.207325	0.207238	0.206395	0.205710	0.205163	0.206313	0.206461	0.206295	0.208348	0.205915	0.207549	0.208301	0.206485	0.205937	0.209955	0.209531	0.206490	0.207287	0.207334	0.207563	0.207401	0.205953	0.206743	0.208423	0.208088	0.205212	0.206745	
0.208043	0.000000	0.205067	0.207333	0.207974	0.208370	0.205920	0.207419	0.206726	0.206220	0.207542	0.206999	0.207917	0.205960	0.204978	0.205344	0.203601	0.208371	0.208280	0.204768	0.205036	0.207045	0.205404	0.205014	0.204628	0.204534	0.205050	0.205093	0.205763	0.206786	0.205384	0.207464	0.204983	0.204145	0.204798	0.208885	0.209412	0.205517	0.205715	0.203807	0.205792	0.205924	0.204704	0.206114	0.207653	0.205797	0.203882	0.205192	
0.207282	0.205067	0.000000	0.206892	0.206820	0.206570	0.205360	0.206714	0.205638	0.206133	0.208576	0.207371	0.205268	0.205300	0.203480	0.205391	0.203137	0.207822	0.207258	0.205120	0.204246	0.205632	0.204957	0.204679	0.204473	0.204701	0.204716	0.203313	0.203795	0.205310	0.203814	0.205609	0.204799	0.204789	0.203699	0.207142	0.207199	0.205041	0.205459	0.204787	0.205466	0.204535	0.204650	0.205186	0.205932	0.205989	0.203854	0.203737	
0.207457	0.207333	0.206892	0.000000	0.208413	0.208020	0.206194	0.208537	0.205815	0.208033	0.207937	0.207563	0.206983	0.205971	0.205180	0.206879	0.203924	0.207965	0.209195	0.206297	0.205695	0.206157	0.205756	0.203962	0.204871	0.205016	0.205325	0.204336	0.204957	0.206550	0.204299	0.207183	0.206208	0.205799	0.204916	0.208718	0.209471	0.205276	0.206304	0.205272	0.207141	0.206898	0.205421	0.205464	0.207385	0.205604	0.204369	0.204492	
0.209211	0.207974	0.206820	0.208413	0.000000	0.208956	0.207542	0.208803	0.208004	0.209127	0.210003	0.209473	0.208369	0.206437	0.206772	0.207886	0.204992	0.208995	0.209552	0.206959	0.206824	0.208063	0.206594	0.206343	0.205531	0.206445	0.206379	0.206130	0.206404	0.207873	0.206514	0.207655	0.206065	0.205744	0.206090	0.211047	0.210132	0.206751	0.207631	0.206377	0.206690	0.206614	0.205998	0.206456	0.207851	0.207990	0.206188	0.206303	
0.210511	0.208370	0.206570	0.208020	0.208956	0.000000	0.207022	0.208540	0.207789	0.208772	0.210537	0.208853	0.208992	0.206711	0.206331	0.207100	0.205146	0.210319	0.209696	0.206633	0.206808	0.207660	0.206251	0.205329	0.206533	0.206558	0.206868	0.205750	0.205753	0.207702	0.205930	0.208472	0.206868	0.206453	0.206866	0.210273	0.211024	0.207567	0.207729	0.205789	0.206803	0.206365	0.206899	0.206170	0.207883	0.207151	0.205867	0.206547	
0.207394	0.205920	0.205360	0.206194	0.207542	0.207022	0.000000	0.206578	0.206515	0.205870	0.207750	0.208018	0.206510	0.205351	0.204705	0.205308	0.203754	0.208031	0.207976	0.205198	0.204472	0.206581	0.205091	0.204485	0.204085	0.203871	0.204925	0.204523	0.204941	0.206305	0.204700	0.206600	0.205001	0.205502	0.204699	0.207083	0.208513	0.204882	0.204856	0.203707	0.205027	0.205128	0.204107	0.205425	0.206779	0.207170	0.203710	0.203587	
0.208739	0.207419	0.206714	0.208537	0.208803	0.208540	0.206578	0.000000	0.207073	0.208136	0.209032	0.208929	0.207010	0.205329	0.206569	0.207608	0.204000	0.209448	0.209094	0.206664	0.206355	0.206858	0.205322	0.205574	0.204882	0.205317	0.205917	0.205347	0.204778	0.207690	0.206244	0.207474	0.205434	0.207223	0.204466	0.209223	0.209788	0.206411	0.206207	0.205485	0.206908	0.205661	0.205590	0.206506	0.207786	0.206370	0.205593	0.205441	
0.208117	0.206726	0.205638	0.205815	0.208004	0.207789	0.206515	0.207073	0.000000	0.206692	0.208138	0.208452	0.207077	0.205953	0.204259	0.205605	0.203999	0.207993	0.208313	0.205974	0.206175	0.205819	0.206306	0.205621	0.204953	0.203696	0.204696	0.203578	0.204224	0.206464	0.205648	0.206197	0.206078	0.205854	0.204389	0.209204	0.209223	0.205062	0.206739	0.205565	0.206362	0.205959	0.205965	0.205635	0.207537	0.206480	0.203259	0.204874	
0.208389	0.206220	0.206133	0.208033	0.209127	0.208772	0.205870	0.208136	0.206692	0.000000	0.209411	0.209059	0.207062	0.207156	0.205154	0.207017	0.203753	0.209500	0.209608	0.205342	0.205718	0.206551	0.206798	0.205716	0.205516	0.204275	0.206047	0.205387	0.205755	0.206961	0.205721	0.207577	0.205617	0.206343	0.205661	0.208622	0.209747	0.206016	0.206496	0.205132	0.205861	0.205549	0.204810	0.206278	0.208834	0.207420	0.204842	0.204441	
0.209696	0.207542	0.208576	0.207937	0.210003	0.210537	0.207750	0.209032	0.208138	0.209411	0.000000	0.210206	0.207877	0.207269	0.206219	0.207832	0.205798	0.209647	0.210224	0.206565	0.206374	0.208898	0.207061	0.206644	0.204616	0.206741	0.206376	0.205632	0.206379	0.208185	0.206834	0.208163	0.206942	0.206776	0.206270	0.209470	0.210561	0.206570	0.208217	0.206330	0.208555	0.207045	0.205775	0.207046	0.208328	0.207381	0.204963	0.205786	
0.209841	0.206999	0.207371	0.207563	0.209473	0.208853	0.208018	0.208929	0.208452	0.209059	0.210206	0.000000	0.208830	0.207532	0.207262	0.206528	0.205445	0.209489	0.209392	0.206572	0.206455	0.207859	0.207499	0.205666	0.205832	0.206285	0.206998	0.205645	0.206801	0.207887	0.206381	0.208435	0.207669	0.206738	0.206230	0.211256	0.210712	0.205441	0.207979	0.205069	0.207392	0.206818	0.207455	0.208024	0.208772	0.207006	0.205081	0.207280	
0.208378	0.207917	0.205268	0.206983	0.208369	0.208992	0.206510	0.207010	0.207077	0.207062	0.207877	0.208830	0.000000	0.207048	0.205507	0.206161	0.204314	0.208525	0.207880	0.205650	0.205989	0.206093	0.205272	0.204828	0.204665	0.204834	0.206094	0.204968	0.204540	0.207768	0.204865	0.206736	0.205478	0.205861	0.203361	0.208700	0.209003	0.205565	0.206054	0.205653	0.206194	0.206261	0.204905	0.206225	0.207303	0.206434	0.205092	0.205084	
0.207826	0.205960	0.205300	0.205971	0.206437	0.206711	0.205351	0.205329	0.205953	0.207156	0.207269	0.207532	0.207048	0.000000	0.204662	0.204855	0.203632	0.206849	0.207210	0.204631	0.204629	0.206053	0.203971	0.203728	0.203878	0.203651	0.203770	0.202668	0.203974	0.205900	0.204763	0.206843	0.204241	0.204584	0.203690	0.207591	0.208590	0.204215	0.205555	0.203358	0.205498	0.204688	0.204083	0.204235	0.206166	0.205886	0.203448	0.203312	
0.206517	0.204978	0.203480	0.205180	0.206772	0.206331	0.204705	0.206569	0.204259	0.205154	0.206219	0.207262	0.205507	0.204662	0.000000	0.204161	0.202507	0.207057	0.206067	0.203570	0.204127	0.204445	0.203080	0.204180	0.203469	0.202518	0.203123	0.203068	0.203240	0.203997	0.204757	0.205370	0.203815	0.203748	0.203004	0.208278	0.207552	0.203141	0.204506	0.204275	0.203562	0.204262	0.203565	0.203941	0.206063	0.205510	0.202932	0.202904	
0.208139	0.205344	0.205391	0.206879	0.207886	0.207100	0.205308	0.207608	0.205605	0.207017	0.207832	0.206528	0.206161	0.204855	0.204161	0.000000	0.202295	0.208016	0.207036	0.203742	0.205190	0.205525	0.204064	0.203808	0.204059	0.204118	0.204897	0.203128	0.203901	0.205594	0.205229	0.205380	0.203984	0.204322	0.202808	0.207732	0.208396	0.204921	0.204931	0.204430	0.205905	0.205448	0.204210	0.204301	0.206329	0.205267	0.204240	0.204054	
0.205503	0.203601	0.203137	0.203924	0.204992	0.205146	0.203754	0.204000	0.203999	0.203753	0.205798	0.205445	0.204314	0.203632	0.202507	0.202295	0.000000	0.205176	0.204081	0.202344	0.202489	0.202770	0.202950	0.201788	0.201635	0.201869	0.202793	0.201714	0.202472	0.203838	0.202323	0.204479	0.202443	0.202632	0.201846	0.206020	0.206343	0.202183	0.204598	0.201721	0.203047	0.201804	0.201558	0.202824	0.203816	0.203249	0.201349	0.201294	
0.210175	0.208371	0.207822	0.207965	0.208995	0.210319	0.208031	0.209448	0.207993	0.209500	0.209647	0.209489	0.208525	0.206849	0.207057	0.208016	0.205176	0.000000	0.210392	0.206846	0.206852	0.208235	0.207465	0.206809	0.206703	0.206529	0.207010	0.207674	0.206646	0.207099	0.206772	0.209228	0.207270	0.205736	0.205666	0.210976	0.210727	0.206403	0.208891	0.206433	0.208598	0.206732	0.207118	0.207956	0.209500	0.208230	0.205970	0.206462	
0.209363	0.208280	0.207258	0.209195	0.209552	0.209696	0.207976	0.209094	0.208313	0.209608	0.210224	0.209392	0.207880	0.207210	0.206067	0.207036	0.204081	0.210392	0.000000	0.207497	0.207106	0.208147	0.207719	0.206428	0.206317	0.206910	0.206705	0.206492	0.206863	0.207640	0.206085	0.207903	0.207251	0.207566	0.206106	0.210502	0.210118	0.207223	0.206982	0.206061	0.207134	0.206776	0.206425	0.207533	0.208530	0.208335	0.205969	0.206176	
0.206908	0.204768	0.205120	0.206297	0.206959	0.206633	0.205198	0.206664	0.205974	0.205342	0.206565	0.206572	0.205650	0.204631	0.203570	0.203742	0.202344	0.206846	0.207497	0.000000	0.204187	0.205357	0.203608	0.202929	0.202793	0.203326	0.204123	0.203424	0.203499	0.205653	0.203154	0.205492	0.204579	0.203373	0.204048	0.206850	0.208012	0.204781	0.205308	0.203078	0.204689	0.204358	0.203007	0.204295	0.205938	0.205246	0.203397	0.204204	
0.207159	0.205036	0.204246	0.205695	0.206824	0.206808	0.204472	0.206355	0.206175	0.205718	0.206374	0.206455	0.205989	0.204629	0.204127	0.205190	0.202489	0.206852	0.207106	0.204187	0.000000	0.205636	0.204366	0.205030	0.202507	0.203369	0.203586	0.203298	0.204108	0.205962	0.202972	0.205951	0.203790	0.204157	0.203244	0.207438	0.208103	0.203954	0.205130	0.203788	0.205282	0.204357	0.203621	0.204386	0.205886	0.204813	0.203705	0.202208	
0.207325	0.207045	0.205632	0.206157	0.208063	0.207660	0.206581	0.206858	0.205819	0.206551	0.208898	0.207859	0.206093	0.206053	0.204445	0.205525	0.202770	0.208235	0.208147	0.205357	0.205636	0.000000	0.205333	0.204008	0.204014	0.203929	0.204475	0.203150	0.204696	0.205828	0.205103	0.206813	0.205200	0.205139	0.203028	0.209029	0.208396	0.204736	0.205585	0.203930	0.205290	0.204485	0.205336	0.204780	0.207254	0.206423	0.204427	0.203872	
0.207238	0.205404	0.204957	0.205756	0.206594	0.206251	0.205091	0.205322	0.206306	0.206798	0.207061	0.207499	0.205272	0.203971	0.203080	0.204064	0.202950	0.207465	0.207719	0.203608	0.204366	0.205333	0.000000	0.204110	0.203284	0.202606	0.203536	0.203306	0.204081	0.205455	0.204188	0.205781	0.204455	0.202756	0.203453	0.207531	0.208013	0.204778	0.206187	0.203558	0.204907	0.204480	0.203756	0.204467	0.206231	0.204397	0.203213	0.203774	
0.206395	0.205014	0.204679	0.203962	0.206343	0.205329	0.204485	0.205574	0.205621	0.205716	0.206644	0.205666	0.204828	0.203728	0.204180	0.203808	0.201788	0.206809	0.206428	0.202929	0.205030	0.204008	0.204110	0.000000	0.202922	0.203349	0.204189	0.202676	0.203045	0.205379	0.203727	0.205251	0.204055	0.203339	0.203091	0.207253	0.207104	0.203378	0.204831	0.202990	0.205176	0.203920	0.202929	0.203253	0.204975	0.204319	0.203224	0.202997	
0.205710	0.204628	0.204473	0.204871	0.205531	0.206533	0.204085	0.204882	0.204953	0.205516	0.204616	0.205832	0.204665	0.203878	0.203469	0.204059	0.201635	0.206703	0.206317	0.202793	0.202507	0.204014	0.203284	0.202922	0.000000	0.202616	0.202818	0.202697	0.202426	0.203495	0.202734	0.204783	0.202796	0.202253	0.202122	0.206547	0.207008	0.203001	0.203479	0.202903	0.203547	0.203684	0.202073	0.203720	0.203537	0.204484	0.202228	0.201724	
0.205163	0.204534	0.204701	0.205016	0.206445	0.206558	0.203871	0.205317	0.203696	0.204275	0.206741	0.206285	0.204834	0.203651	0.202518	0.204118	0.201869	0.206529	0.206910	0.203326	0.203369	0.203929	0.202606	0.203349	0.202616	0.000000	0.202975	0.201553	0.203230	0.205357	0.202728	0.204873	0.203554	0.203627	0.202437	0.206035	0.207326	0.203255	0.204253	0.202506	0.205062	0.203968	0.202997	0.203343	0.205941	0.204387	0.202146	0.201330	
0.206313	0.205050	0.204716	0.205325	0.206379	0.206868	0.204925	0.205917	0.204696	0.206047	0.206376	0.206998	0.206094	0.203770	0.203123	0.204897	0.202793	0.207010	0.206705	0.204123	0.203586	0.204475	0.203536	0.204189	0.202818	0.202975	0.000000	0.202257	0.203004	0.204945	0.203915	0.205242	0.203655	0.203793	0.203236	0.206968	0.207931	0.203482	0.205390	0.202579	0.205235	0.203469	0.203718	0.203874	0.205596	0.205247	0.202808	0.203124	
0.206461	0.205093	0.203313	0.204336	0.206130	0.205750	0.204523	0.205347	0.203578	0.205387	0.205632	0.205645	0.204968	0.202668	0.203068	0.203128	0.201714	0.207674	0.206492	0.203424	0.203298	0.203150	0.203306	0.202676	0.202697	0.201553	0.202257	0.000000	0.202197	0.204872	0.203599	0.204720	0.203727	0.203136	0.202100	0.207231	0.207839	0.203125	0.204499	0.202073	0.204090	0.202775	0.202955	0.203027	0.204737	0.203137	0.202162	0.203441	
0.206295	0.205763	0.203795	0.204957	0.206404	0.205753	0.204941	0.204778	0.204224	0.205755	0.206379	0.206801	0.204540	0.203974	0.203240	0.203901	0.202472	0.206646	0.206863	0.203499	0.204108	0.204696	0.204081	0.203045	0.202426	0.203230	0.203004	0.202197	0.000000	0.203992	0.202876	0.204759	0.203254	0.204099	0.202774	0.207394	0.208278	0.203334	0.203723	0.202733	0.203872	0.204520	0.203676	0.203291	0.205649	0.205135	0.202690	0.202465	
0.208348	0.206786	0.205310	0.206550	0.207873	0.207702	0.206305	0.207690	0.206464	0.206961	0.208185	0.207887	0.207768	0.205900	0.203997	0.205594	0.203838	0.207099	0.207640	0.205653	0.205962	0.205828	0.205455	0.205379	0.203495	0.205357	0.204945	0.204872	0.203992	0.000000	0.204495	0.207273	0.205430	0.205362	0.203830	0.208469	0.208783	0.205397	0.206861	0.205110	0.205629	0.206060	0.204589	0.205033	0.206774	0.206782	0.204489	0.204746	
0.205915	0.205384	0.203814	0.204299	0.206514	0.205930	0.204700	0.206244	0.205648	0.205721	0.206834	0.206381	0.204865	0.204763	0.204757	0.205229	0.202323	0.206772	0.206085	0.203154	0.202972	0.205103	0.204188	0.203727	0.202734	0.202728	0.203915	0.203599	0.202876	0.204495	0.000000	0.205028	0.203066	0.203974	0.203233	0.206578	0.207477	0.204220	0.203604	0.203279	0.204687	0.203896	0.203395	0.203127	0.205292	0.204052	0.203015	0.203343	
0.207549	0.207464	0.205609	0.207183	0.207655	0.208472	0.206600	0.207474	0.206197	0.207577	0.208163	0.208435	0.206736	0.206843	0.205370	0.205380	0.204479	0.209228	0.207903	0.205492	0.205951	0.206813	0.205781	0.205251	0.204783	0.204873	0.205242	0.204720	0.204759	0.207273	0.205028	0.000000	0.205699	0.206485	0.204375	0.208763	0.208907	0.205876	0.205418	0.205579	0.206633	0.206300	0.204970	0.206593	0.206593	0.207381	0.204366	0.205572	
0.208301	0.204983	0.204799	0.206208	0.206065	0.206868	0.205001	0.205434	0.206078	0.205617	0.206942	0.207669	0.205478	0.204241	0.203815	0.203984	0.202443	0.207270	0.207251	0.204579	0.203790	0.205200	0.204455	0.204055	0.202796	0.203554	0.203655	0.203727	0.203254	0.205430	0.203066	0.205699	0.000000	0.204385	0.204105	0.207830	0.208308	0.204022	0.204972	0.204469	0.204675	0.204428	0.204306	0.204616	0.205089	0.204941	0.202617	0.203254	
0.206485	0.204145	0.204789	0.205799	0.205744	0.206453	0.205502	0.207223	0.205854	0.206343	0.206776	0.206738	0.205861	0.204584	0.203748	0.204322	0.202632	0.205736	0.207566	0.203373	0.204157	0.205139	0.202756	0.203339	0.202253	0.203627	0.203793	0.203136	0.204099	0.205362	0.203974	0.206485	0.204385	0.000000	0.203069	0.208175	0.207764	0.204577	0.205426	0.203960	0.205404	0.204842	0.203345	0.203868	0.205047	0.205420	0.203321	0.202788	
0.205937	0.204798	0.203699	0.204916	0.206090	0.206866	0.204699	0.204466	0.204389	0.205661	0.206270	0.206230	0.203361	0.203690	0.203004	0.202808	0.201846	0.205666	0.206106	0.204048	0.203244	0.203028	0.203453	0.203091	0.202122	0.202437	0.203236	0.202100	0.202774	0.203830	0.203233	0.204375	0.204105	0.203069	0.000000	0.205863	0.206946	0.203403	0.204153	0.203101	0.204196	0.203554	0.202871	0.203640	0.205056	0.204271	0.202382	0.202013	
0.209955	0.208885	0.207142	0.208718	0.211047	0.210273	0.207083	0.209223	0.209204	0.208622	0.209470	0.211256	0.208700	0.207591	0.208278	0.207732	0.206020	0.210976	0.210502	0.206850	0.207438	0.209029	0.207531	0.207253	0.206547	0.206035	0.206968	0.207231	0.207394	0.208469	0.206578	0.208763	0.207830	0.208175	0.205863	0.000000	0.203771	0.207460	0.208329	0.207192	0.208256	0.207988	0.206708	0.207856	0.209319	0.209224	0.206005	0.206257	
0.209531	0.209412	0.207199	0.209471	0.210132	0.211024	0.208513	0.209788	0.209223	0.209747	0.210561	0.210712	0.209003	0.208590	0.207552	0.208396	0.206343	0.210727	0.210118	0.208012	0.208103	0.208396	0.208013	0.207104	0.207008	0.207326	0.207931	0.207839	0.208278	0.208783	0.207477	0.208907	0.208308	0.207764	0.206946	0.203771	0.000000	0.206974	0.208613	0.207455	0.208437	0.208868	0.207561	0.207531	0.209655	0.208897	0.207374	0.207196	
0.206490	0.205517	0.205041	0.205276	0.206751	0.207567	0.204882	0.206411	0.205062	0.206016	0.206570	0.205441	0.205565	0.204215	0.203141	0.204921	0.202183	0.206403	0.207223	0.204781	0.203954	0.204736	0.204778	0.203378	0.203001	0.203255	0.203482	0.203125	0.203334	0.205397	0.204220	0.205876	0.204022	0.204577	0.203403	0.207460	0.206974	0.000000	0.204936	0.203217	0.205407	0.202820	0.203217	0.204309	0.206319	0.204587	0.201862	0.204532	
0.207287	0.205715	0.205459	0.206304	0.207631	0.207729	0.204856	0.206207	0.206739	0.206496	0.208217	0.207979	0.206054	0.205555	0.204506	0.204931	0.204598	0.208891	0.206982	0.205308	0.205130	0.205585	0.206187	0.204831	0.203479	0.204253	0.205390	0.204499	0.203723	0.206861	0.203604	0.205418	0.204972	0.205426	0.204153	0.208329	0.208613	0.204936	0.000000	0.204365	0.206131	0.205075	0.204897	0.205021	0.206867	0.205641	0.203868	0.204044	
0.207334	0.203807	0.204787	0.205272	0.206377	0.205789	0.203707	0.205485	0.205565	0.205132	0.206330	0.205069	0.205653	0.203358	0.204275	0.204430	0.201721	0.206433	0.206061	0.203078	0.203788	0.203930	0.203558	0.202990	0.202903	0.202506	0.202579	0.202073	0.202733	0.205110	0.203279	0.205579	0.204469	0.203960	0.203101	0.207192	0.207455	0.203217	0.204365	0.000000	0.204459	0.202834	0.203553	0.203799	0.205511	0.205580	0.201545	0.203256	
0.207563	0.205792	0.205466	0.207141	0.206690	0.206803	0.205027	0.206908	0.206362	0.205861	0.208555	0.207392	0.206194	0.205498	0.203562	0.205905	0.203047	0.208598	0.207134	0.204689	0.205282	0.205290	0.204907	0.205176	0.203547	0.205062	0.205235	0.204090	0.203872	0.205629	0.204687	0.206633	0.204675	0.205404	0.204196	0.208256	0.208437	0.205407	0.206131	0.204459	0.000000	0.203563	0.204604	0.204978	0.206682	0.206453	0.204150	0.204255	
0.207401	0.205924	0.204535	0.206898	0.206614	0.206365	0.205128	0.205661	0.205959	0.205549	0.207045	0.206818	0.206261	0.204688	0.204262	0.205448	0.201804	0.206732	0.206776	0.204358	0.204357	0.204485	0.204480	0.203920	0.203684	0.203968	0.203469	0.202775	0.204520	0.206060	0.203896	0.206300	0.204428	0.204842	0.203554	0.207988	0.208868	0.202820	0.205075	0.202834	0.203563	0.000000	0.203145	0.204015	0.204574	0.205421	0.203199	0.203935	
0.205953	0.204704	0.204650	0.205421	0.205998	0.206899	0.204107	0.205590	0.205965	0.204810	0.205775	0.207455	0.204905	0.204083	0.203565	0.204210	0.201558	0.207118	0.206425	0.203007	0.203621	0.205336	0.203756	0.202929	0.202073	0.202997	0.203718	0.202955	0.203676	0.204589	0.203395	0.204970	0.204306	0.203345	0.202871	0.206708	0.207561	0.203217	0.204897	0.203553	0.204604	0.203145	0.000000	0.202125	0.205284	0.204796	0.202169	0.203795	
0.206743	0.206114	0.205186	0.205464	0.206456	0.206170	0.205425	0.206506	0.205635	0.206278	0.207046	0.208024	0.206225	0.204235	0.203941	0.204301	0.202824	0.207956	0.207533	0.204295	0.204386	0.204780	0.204467	0.203253	0.203720	0.203343	0.203874	0.203027	0.203291	0.205033	0.203127	0.206593	0.204616	0.203868	0.203640	0.207856	0.207531	0.204309	0.205021	0.203799	0.204978	0.204015	0.202125	0.000000	0.202100	0.204709	0.202357	0.202962	
0.208423	0.207653	0.205932	0.207385	0.207851	0.207883	0.206779	0.207786	0.207537	0.208834	0.208328	0.208772	0.207303	0.206166	0.206063	0.206329	0.203816	0.209500	0.208530	0.205938	0.205886	0.207254	0.206231	0.204975	0.203537	0.205941	0.205596	0.204737	0.205649	0.206774	0.205292	0.206593	0.205089	0.205047	0.205056	0.209319	0.209655	0.206319	0.206867	0.205511	0.206682	0.204574	0.205284	0.202100	0.000000	0.202840	0.203561	0.205563	
0.208088	0.205797	0.205989	0.205604	0.207990	0.207151	0.207170	0.206370	0.206480	0.207420	0.207381	0.207006	0.206434	0.205886	0.205510	0.205267	0.203249	0.208230	0.208335	0.205246	0.204813	0.206423	0.204397	0.204319	0.204484	0.204387	0.205247	0.203137	0.205135	0.206782	0.204052	0.207381	0.204941	0.205420	0.204271	0.209224	0.208897	0.204587	0.205641	0.205580	0.206453	0.205421	0.204796	0.204709	0.202840	0.000000	0.205264	0.203622	
0.205212	0.203882	0.203854	0.204369	0.206188	0.205867	0.203710	0.205593	0.203259	0.204842	0.204963	0.205081	0.205092	0.203448	0.202932	0.204240	0.201349	0.205970	0.205969	0.203397	0.203705	0.204427	0.203213	0.203224	0.202228	0.202146	0.202808	0.202162	0.202690	0.204489	0.203015	0.204366	0.202617	0.203321	0.202382	0.206005	0.207374	0.201862	0.203868	0.201545	0.204150	0.203199	0.202169	0.202357	0.203561	0.205264	0.000000	0.202858	
0.206745	0.205192	0.203737	0.204492	0.206303	0.206547	0.203587	0.205441	0.204874	0.204441	0.205786	0.207280	0.205084	0.203312	0.202904	0.204054	0.201294	0.206462	0.206176	0.204204	0.202208	0.203872	0.203774	0.202997	0.201724	0.201330	0.203124	0.203441	0.202465	0.204746	0.203343	0.205572	0.203254	0.202788	0.202013	0.206257	0.207196	0.204532	0.204044	0.203256	0.204255	0.203935	0.203795	0.202962	0.205563	0.203622	0.202858	0.000000	
